[gd_scene load_steps=21 format=2]

[ext_resource path="res://world/orbit_camera.gd" type="Script" id=1]
[ext_resource path="res://world/light-shaft.glb" type="PackedScene" id=2]
[ext_resource path="res://world/spatial_sin_pan.gd" type="Script" id=3]
[ext_resource path="res://world/floor.tres" type="Material" id=4]
[ext_resource path="res://world/object_mat.tres" type="Material" id=5]
[ext_resource path="res://world/shadow/shadow.tscn" type="PackedScene" id=6]
[ext_resource path="res://world/sparkle_mat.tres" type="Material" id=7]
[ext_resource path="res://world/box.obj" type="ArrayMesh" id=8]
[ext_resource path="res://world/object_metal_mat.tres" type="Material" id=9]
[ext_resource path="res://shaders/psx_light-volume.shader" type="Shader" id=10]
[ext_resource path="res://world/crystal/crystal_mesh.tscn" type="PackedScene" id=11]
[ext_resource path="res://world/particle_reset.gd" type="Script" id=13]
[ext_resource path="res://world/bevel-box.glb" type="PackedScene" id=14]
[ext_resource path="res://world/world_env.tres" type="Environment" id=15]

[sub_resource type="ParticlesMaterial" id=1]
direction = Vector3( 1, 1, 1 )
spread = 180.0
gravity = Vector3( 0, 0, 0 )
initial_velocity = 3.0
initial_velocity_random = 0.3
damping = 1.0

[sub_resource type="QuadMesh" id=2]
material = ExtResource( 7 )
size = Vector2( 0.3, 0.3 )

[sub_resource type="PlaneMesh" id=3]
size = Vector2( 40, 40 )
subdivide_width = 25
subdivide_depth = 25

[sub_resource type="BoxShape" id=4]
extents = Vector3( 3.0314, 1, 1 )

[sub_resource type="CubeMesh" id=5]
material = ExtResource( 4 )
flip_faces = true
size = Vector3( 40, 40, 40 )
subdivide_width = 25
subdivide_height = 25
subdivide_depth = 25

[sub_resource type="ShaderMaterial" id=6]
shader = ExtResource( 10 )
shader_param/precision_multiplier = 1.0

[node name="World" type="Spatial"]

[node name="bevel-box" parent="." instance=ExtResource( 14 )]
transform = Transform( 0.613118, 0, 0, 0, 0.613118, 0, 0, 0, 0.613118, -1, 2.236, 0 )
script = ExtResource( 3 )
shadow_path = NodePath("../BoxShadow")

[node name="Cube" parent="bevel-box" index="0"]
material/0 = ExtResource( 9 )

[node name="Particles2" type="Particles" parent="bevel-box"]
transform = Transform( 0.999973, 0.00729208, -0.00112456, -0.00729237, 0.999973, -0.000250523, 0.00112271, 0.000258713, 0.999999, 0, 0, 0 )
process_material = SubResource( 1 )
draw_pass_1 = SubResource( 2 )
script = ExtResource( 13 )

[node name="BoxChrome" type="MeshInstance" parent="."]
transform = Transform( 0.613118, 0, 0, 0, 0.613118, 0, 0, 0, 0.613118, -1, 2.236, 0 )
visible = false
mesh = ExtResource( 8 )
material/0 = ExtResource( 9 )
script = ExtResource( 3 )
shadow_path = NodePath("../BoxShadow")

[node name="Particles" type="Particles" parent="BoxChrome"]
transform = Transform( 0.999973, 0.00729208, -0.00112456, -0.00729237, 0.999973, -0.000250523, 0.00112271, 0.000258713, 0.999999, 0, 0, 0 )
process_material = SubResource( 1 )
draw_pass_1 = SubResource( 2 )
script = ExtResource( 13 )

[node name="BoxShadow" parent="." instance=ExtResource( 6 )]
transform = Transform( 3.2649, 0, 0, 0, -1.42713e-07, 1, 0, -3.2649, -4.37114e-08, -1.05202, 0.507847, 0.0395253 )

[node name="BoxLit" type="MeshInstance" parent="."]
transform = Transform( 0.613118, 0, 0, 0, 0.613118, 0, 0, 0, 0.613118, 1, 2.236, 0 )
mesh = ExtResource( 8 )
material/0 = ExtResource( 5 )
script = ExtResource( 3 )
shadow_path = NodePath("../BoxShadow2")
translation_distance = -0.5

[node name="BoxShadow2" parent="." instance=ExtResource( 6 )]
transform = Transform( 3.2649, 0, 0, 0, -1.42713e-07, 1, 0, -3.2649, -4.37114e-08, 0.651182, 0.507847, 0.572559 )

[node name="Floor" type="MeshInstance" parent="."]
visible = false
mesh = SubResource( 3 )
material/0 = ExtResource( 4 )

[node name="FloorBody" type="StaticBody" parent="Floor"]

[node name="CollisionShape" type="CollisionShape" parent="Floor/FloorBody"]
transform = Transform( 1, 0, 0, 0, 1, 0, 0, 0, 1, 0, -0.993481, 0 )
shape = SubResource( 4 )

[node name="Floor2" type="MeshInstance" parent="."]
transform = Transform( 1, 0, 0, 0, -4.37114e-08, -1, 0, 1, -4.37114e-08, 0, 0, -19.91 )
visible = false
mesh = SubResource( 3 )
material/0 = ExtResource( 4 )

[node name="FloorBody" type="StaticBody" parent="Floor2"]

[node name="CollisionShape" type="CollisionShape" parent="Floor2/FloorBody"]
transform = Transform( 1, 0, 0, 0, 1, 0, 0, 0, 1, 0, -0.993481, 0 )
shape = SubResource( 4 )

[node name="Floor5" type="MeshInstance" parent="."]
transform = Transform( 1, 0, 0, 0, -4.37114e-08, -1, 0, 1, -4.37114e-08, 0, 0, 18.8342 )
visible = false
mesh = SubResource( 3 )
material/0 = ExtResource( 4 )

[node name="FloorBody" type="StaticBody" parent="Floor5"]

[node name="CollisionShape" type="CollisionShape" parent="Floor5/FloorBody"]
transform = Transform( 1, 0, 0, 0, 1, 0, 0, 0, 1, 0, -0.993481, 0 )
shape = SubResource( 4 )

[node name="Floor3" type="MeshInstance" parent="."]
transform = Transform( -4.37114e-08, 1, -4.37114e-08, 0, -4.37114e-08, -1, -1, -4.37114e-08, 1.91069e-15, 18.8146, 0, -0.755144 )
visible = false
mesh = SubResource( 3 )
material/0 = ExtResource( 4 )

[node name="FloorBody" type="StaticBody" parent="Floor3"]

[node name="CollisionShape" type="CollisionShape" parent="Floor3/FloorBody"]
transform = Transform( 1, 0, 0, 0, 1, 0, 0, 0, 1, 0, -0.993481, 0 )
shape = SubResource( 4 )

[node name="Floor4" type="MeshInstance" parent="."]
transform = Transform( -4.37114e-08, 1, -4.37114e-08, 0, -4.37114e-08, -1, -1, -4.37114e-08, 1.91069e-15, -19.4442, 0, -0.755144 )
visible = false
mesh = SubResource( 3 )
material/0 = ExtResource( 4 )

[node name="FloorBody" type="StaticBody" parent="Floor4"]

[node name="CollisionShape" type="CollisionShape" parent="Floor4/FloorBody"]
transform = Transform( 1, 0, 0, 0, 1, 0, 0, 0, 1, 0, -0.993481, 0 )
shape = SubResource( 4 )

[node name="OrbitPoint" type="Spatial" parent="."]
transform = Transform( 0.831023, 0, -0.556238, 0, 1, 0, 0.556238, 0, 0.831023, 0, -2.38419e-07, -4.76837e-07 )
script = ExtResource( 1 )

[node name="Camera" type="Camera" parent="OrbitPoint"]
transform = Transform( 1, 0, 0, 0, 0.989078, 0.147395, 0, -0.147395, 0.989078, 0, 2.147, 4.48151 )
fov = 68.1243

[node name="DirectionalLight2" type="DirectionalLight" parent="OrbitPoint"]
transform = Transform( 0.999229, -0.0247207, 0.0305003, 0, 0.776871, 0.629659, -0.0392604, -0.629174, 0.776272, 5.08833, 2.79045, -0.311581 )
light_energy = 1.5

[node name="WorldEnvironment" type="WorldEnvironment" parent="."]
environment = ExtResource( 15 )

[node name="DirectionalLight" type="DirectionalLight" parent="."]
transform = Transform( 0.524194, -0.536217, 0.661583, 0, 0.776871, 0.629659, -0.851599, -0.330064, 0.407231, 4.40183, 2.79045, 2.57139 )
visible = false
light_energy = 1.5

[node name="OmniLight" type="OmniLight" parent="."]
transform = Transform( 1, 0, 0, 0, 1, 0, 0, 0, 1, -4, 0.784, 0 )
light_color = Color( 0.909804, 0.803922, 0.666667, 1 )
light_energy = 4.75
omni_range = 3.0
omni_attenuation = 0.0915055

[node name="OmniLight2" type="OmniLight" parent="."]
transform = Transform( 1, 0, 0, 0, 1, 0, 0, 0, 1, 4, 0.784, 0 )
light_color = Color( 0.909804, 0.803922, 0.666667, 1 )
light_energy = 4.75
omni_range = 3.0
omni_attenuation = 0.0915055

[node name="crystal" parent="." instance=ExtResource( 11 )]
transform = Transform( 0.719146, 0, 0.694859, 0, 1, 0, -0.694859, 0, 0.719146, 1.93081, 0, 1.34372 )

[node name="crystal2" parent="." instance=ExtResource( 11 )]
transform = Transform( 0.826285, 0, -0.563252, 0, 1, 0, 0.563252, 0, 0.826285, -1.32247, 0, 1.77809 )

[node name="crystal3" parent="." instance=ExtResource( 11 )]
transform = Transform( 0.864371, 0, 0.502854, 0, 1, 0, -0.502854, 0, 0.864371, -2.32825, 0, -0.999177 )

[node name="crystal4" parent="." instance=ExtResource( 11 )]
transform = Transform( -0.632935, 0, 0.774205, 0, 1, 0, -0.774205, 0, -0.632935, 2.30476, 0, -1.16371 )

[node name="crystal5" parent="." instance=ExtResource( 11 )]
transform = Transform( -0.90227, 0, -0.431172, 0, 1, 0, 0.431172, 0, -0.90227, -0.00271803, 0, -1.98459 )

[node name="Background" type="MeshInstance" parent="."]
transform = Transform( 1, 0, 0, 0, 1, 0, 0, 0, 1, 0, 20, 0 )
mesh = SubResource( 5 )
material/0 = null

[node name="light-shaft" parent="." instance=ExtResource( 2 )]
transform = Transform( 1, 0, 0, 0, 1, 0, 0, 0, 1, 0.0109267, 2.05731, 0.0147681 )

[node name="Cube" parent="light-shaft" index="0"]
material/0 = SubResource( 6 )

[editable path="bevel-box"]
[editable path="light-shaft"]
